version https://git-lfs.github.com/spec/v1
oid sha256:c4e39751d6cfc1979463735baba4ec372163c632d2f35c2a2122d0b22c322700
size 2839
